Num_Rounds	Time		Round 1 Loss	Round 2 Loss	Round 3 Loss
3	183.04022129999066	1.9699761629104615	1.6632643818855286	1.5599784970283508
3	83.38786010001786	2.306203079223633	2.306780529022217	2.3070401430130003
3	73.6145428000018	2.3199546098709107	2.319605803489685	2.3189664125442504
3	75.37379490002058	2.3145327091217043	2.316180634498596	2.3128894090652468
3	65.95112830004655	2.312695598602295	2.3125103235244753	2.3137361288070677
3	72.81399189983495	2.311067748069763	2.316348838806152	2.3114365339279175
3	68.21499620005488	2.3144141912460325	2.3140297412872313	2.3147645711898805
3	70.11206590011716	2.309157109260559	2.308667039871216	2.3089541673660277
3	69.68814079998992	2.3080572366714476	2.3092161655426025	2.307752823829651
3	74.22926510008983	2.3070754766464234	2.3074609279632567	2.3073750495910645
3	112.26279730000533	2.325885605812073	2.3273985147476197	2.326879620552063
3	80.74550139997154	2.315531373023987	2.316485857963562	2.319202184677124
3	104.7698452998884	2.295193147659302	2.2943106412887575	2.29631826877594
3	78.62456750008278	2.3128752946853637	2.315694546699524	2.3123336315155028
3	77.0786684001796	2.3055853128433226	2.3051734447479246	2.3046905994415283
3	80.37274949997663	2.3028921365737913	2.3040764331817627	2.303359317779541
3	81.39440600015223	2.3165794610977173	2.315847635269165	2.3160586595535277
3	75.07029980001971	2.3022327423095703	2.3030351400375366	2.3009989500045775
3	77.92038720007986	2.301167345046997	2.302224063873291	2.300587368011475
3	78.49672219995409	2.3287985801696776	2.3291370153427122	2.329728126525879
3	163.11403940012679	2.317056179046631	2.31485857963562	2.3172353982925413
3	181.87224870012142	2.320939373970032	2.3222266912460325	2.320970916748047
3	188.66058189980686	2.314307928085327	2.312750506401062	2.3162070751190185
3	165.6477465000935	2.317648434638977	2.3173014163970946	2.316777157783508
3	167.27529980009422	2.3091402769088747	2.3096096515655518	2.308024454116821
3	165.18817780003883	2.303444504737854	2.3030245304107666	2.3021687507629394
3	146.10473539982922	2.31001296043396	2.309853172302246	2.31052188873291
3	80.80134560004808	2.3268320083618166	2.3312239408493043	2.3296733856201173
3	75.65031259995885	2.308654046058655	2.309954524040222	2.311290073394775
3	179.6848360998556	2.341347813606262	2.339583468437195	2.3372607946395876
3	161.3264058000059	2.324057698249817	2.3244579076766967	2.326013112068176
3	93.45126120001078	2.301395392417908	2.3013218879699706	2.3020900964736937
3	68.16357949998928	2.3078245878219605	2.309603142738342	2.30820152759552
3	70.38157510000747	2.2999406814575196	2.3001948833465575	2.297722053527832
3	88.39864749999833	2.312391424179077	2.3116013050079345	2.3126253128051757
3	207.80470680000144	2.311614418029785	2.3108535051345824	2.311980700492859
3	154.57801689999178	2.311729907989502	2.314003562927246	2.3126603841781614
3	143.4846763999958	2.3227128982543945	2.3242095708847046	2.324043369293213
3	164.93154890000005	1.88790682554245	1.6581181406974792	1.564260685443878
3	118.6264172999945	2.3420362949371336	2.3382879495620728	2.3422127246856688
3	119.10767100000521	2.3301929473876952	2.329128861427307	2.3324129581451416
3	112.4530267000082	2.3026232004165648	2.3031763553619387	2.30412118434906
3	118.83476359999622	2.312357044219971	2.3130102157592773	2.3126275300979615
3	115.60973970001214	2.325755786895752	2.324089765548706	2.3246042251586916
3	107.66609539999627	2.3245347261428835	2.3232274532318113	2.3254175424575805
3	75.97277289998601	2.3158864736557008	2.3146157264709473	2.316893744468689
3	75.9798993000004	2.312773847579956	2.3133800506591795	2.3129451751708983
3	74.61846240001614	2.314347434043884	2.313255023956299	2.313364028930664
3	75.37607709999429	1.9443925976753236	1.6505424857139588	1.5377476572990418
3	79.64499900001101	1.9412986636161804	1.6724857211112976	1.575455617904663
3	43.38772469997639	
3	39.67222509998828	
3	94.74653810000746	1.9072213411331176	1.6591401934623717	1.5387613296508789
3	119.13014199999452	2.0195056438446044	1.7097441911697389	1.55790935754776
3	260.0057759999763	1.9859875321388245	1.709160852432251	1.6023384094238282
3	263.7620622000013	1.9449098706245422	1.6709393382072448	1.5663260340690612
3	246.9845552000006	1.9371394634246826	1.7024316191673279	1.5833386540412904
3	116.85440940000262	1.9867004990577697	1.6959744453430177	1.5767688393592834
3	108.63217209999857	1.9285701394081116	1.6964405059814454	1.5656024813652039
3	110.27944519999801	1.943764066696167	1.7081411242485047	1.569833254814148
3	106.96100419999857	1.9367391347885132	1.6894084930419921	1.6006649732589722
3	103.90755580000041	1.9103321433067322	1.6639497399330139	1.5608271360397339
3	138.8776805000016	1.926909077167511	1.6935784697532654	1.5920374155044557
3	125.5055140000004	2.3026859283447267	2.3015690565109255	2.300803279876709
3	104.1641590000072	2.3048521518707275	2.304842972755432	2.30492844581604
3	115.62048679999134	2.322269892692566	2.3228219509124757	2.322681212425232
3	105.8343695999938	2.3309463024139405	2.328319025039673	2.3238672256469726
3	101.63310380000621	2.304110026359558	2.3040692090988157	2.3040479183197022
3	106.47329490000266	2.3084127426147463	2.308982419967651	2.308308243751526
3	104.76679900000454	2.324986147880554	2.323275923728943	2.3237708568573
3	100.43840769999952	2.323786187171936	2.3254725694656373	2.324230098724365
3	109.52112879999913	2.304137873649597	2.3066046237945557	2.3038156270980834
3	257.23346080002375	2.3167144536972044	2.318124294281006	2.3168365478515627
3	333.1830408000096	2.3036550760269163	2.307856035232544	2.3037729978561403
3	263.193738699978	2.3125730991363525	2.310651350021362	2.3112020254135133
3	320.5799376000068	2.3005528450012207	2.2990423917770384	2.300846242904663
3	278.67449579999084	2.323381280899048	2.3220164299011232	2.322746515274048
3	104.84070699999575	2.3048944234848023	2.3061851263046265	2.3042228698730467
3	115.20769629999995	2.332425260543823	2.3274158239364624	2.3341394901275634
3	100.73003989999415	2.314480185508728	2.3158658266067507	2.3118540048599243
3	116.54965309999534	2.30500066280365	2.3051740169525146	2.3035308122634888
3	115.93232069999794	2.321026420593262	2.3186702728271484	2.316696548461914
3	105.75735530001111	2.303806734085083	2.304709529876709	2.303452706336975
3	107.94765479999478	2.3081259965896606	2.309341025352478	2.311945676803589
3	170.90279299999997	2.304816794395447	2.3034108877182007	2.3047229290008544
3	167.85705570000005	2.321522831916809	2.3218252182006838	2.319565224647522
3	678.9714553999999	2.3275012016296386	2.3278602600097655	2.3275797605514525
3	143.59477730000003	1.9078176498413086	1.6565414667129517	1.557388436794281
3	840.6963524999883	2.3168407917022704	2.3187156915664673	2.3213637351989744
3	394.3728453999938	2.3036280393600466	2.3038760900497435	2.306065082550049
3	212.49609250000003	2.3244123220443726	2.3219325304031373	2.325819492340088
3	255.00908389999995	2.31721715927124	2.318588876724243	2.317457437515259
3	187.93490509999992	2.3170084238052366	2.3183446168899535	2.316672611236572
3	226.37967900000012	2.313547730445862	2.3139375686645507	2.3133814334869385
3	228.7602724000003	2.3041645765304564	2.3044396877288817	2.3046578884124758
3	277.0651706999997	2.322203516960144	2.3217931747436524	2.3206913232803346
3	231.96939470000052	2.3023735523223876	2.3022231340408323	2.300210738182068
3	97.70159719999901	2.301811099052429	2.303822326660156	2.300902509689331
3	101.62494460000016	2.310214304924011	2.308297944068909	2.3078487634658815
3	101.9120808000007	2.303467106819153	2.3029608488082887	2.304844379425049
3	97.52129439999953	2.3041905879974367	2.304614949226379	2.304083466529846
3	93.46615349999956	2.3065226316452025	2.3091266632080076	2.307230234146118
3	102.42871909999849	2.3181201219558716	2.3159011602401733	2.3206214427948
3	108.99870059999921	2.314259099960327	2.316392970085144	2.3173326730728148
3	96.71994230000018	2.3062297821044924	2.307587480545044	2.305933451652527
3	101.42009250000046	2.319156312942505	2.316698956489563	2.3143407344818114
3	99.69589430000087	2.326803135871887	2.320515537261963	2.326141381263733
3	111.5649099000002	2.3218298673629763	2.319248914718628	2.3218876838684084
3	116.45426969999971	2.3215884447097777	2.317866659164429	2.318976545333862
3	106.65130630000021	2.3145556926727293	2.3140604734420775	2.3171878099441527
3	109.90570280000065	2.317874383926392	2.3194642782211305	2.3202465772628784
3	491.7652416000001	2.308287239074707	2.3101686239242554	2.307828998565674
3	305.3461360000001	2.323801302909851	2.3229692697525026	2.3213369607925416
3	287.15176040000006	2.310138130187988	2.30854172706604	2.3105138778686523
3	269.258656	2.306186079978943	2.3082470417022707	2.3072241067886354
3	110.26312940000207	2.30662145614624	2.3056538105010986	2.30735867023468
3	103.21216400000412	2.3223450660705565	2.321953463554382	2.3238675594329834
3	108.0742425999997	2.31261625289917	2.311035132408142	2.3125494480133058
3	259.0620431999996	2.3273640871047974	2.3280062675476074	2.3252047300338745
3	245.21553739999945	2.3371334075927734	2.338668394088745	2.3416611909866334
3	259.0190825999962	2.3140368700027465	2.3165489435195923	2.3155993223190308
3	240.06424770000012	2.307187294960022	2.3062634468078613	2.306865358352661
3	258.2933431999991	1.9741993427276612	1.6988471031188965	1.5795685172080993
3	258.07180289999815	1.9565733551979065	1.6903323531150818	1.5684407711029054
3	122.78770390000136	1.9275768518447876	1.6768522143363953	1.606551718711853
3	107.09546650000266	1.9318658232688903	1.6975509762763976	1.6080582857131958
3	108.14446379999572	1.9490398645401001	1.6747247695922851	1.565408706665039
3	102.71410530000867	2.00095819234848	1.7476913571357726	1.6410244345664977
3	103.67508909999742	1.9532602787017823	1.6767512321472169	1.5662281155586242
3	101.63025729999936	1.925161874294281	1.674071991443634	1.5359598636627196
3	101.89006959999097	1.8501799821853637	1.6718848109245301	1.5310165882110596
3	107.19296519999625	1.8244441151618958	1.6270037412643432	1.5544965744018555
3	103.52557040000102	1.9067461252212525	1.6572831511497497	1.5604833841323853
3	101.17728469999565	1.879848849773407	1.6670013070106506	1.56703120470047
